<?xml version="1.0"?>
<opencv_storage>
<calibration_time>"on. 11. mars 2020 kl. 15.54 +0100"</calibration_time>
<nr_of_frames>25</nr_of_frames>
<image_width>640</image_width>
<image_height>480</image_height>
<board_width>8</board_width>
<board_height>5</board_height>
<square_size>50.</square_size>
<fix_aspect_ratio>1.</fix_aspect_ratio>
<!-- flags: +fix_aspectRatio +fix_principal_point +zero_tangent_dist +fix_k4 +fix_k5 -->
<flags>6158</flags>
<fisheye_model>0</fisheye_model>
<camera_matrix type_id="opencv-matrix">
  <rows>3</rows>
  <cols>3</cols>
  <dt>d</dt>
  <data>
    8.1092292117981572e+02 0. 320. 0. 8.1092292117981572e+02 240. 0. 0.
    1.</data></camera_matrix>
<distortion_coefficients type_id="opencv-matrix">
  <rows>5</rows>
  <cols>1</cols>
  <dt>d</dt>
  <data>
    3.1596190103338534e-01 -1.6282112331737186e+00 0. 0.
    5.2425724247732637e+00</data></distortion_coefficients>
<avg_reprojection_error>2.9735590388758992e-01</avg_reprojection_error>
<per_view_reprojection_errors type_id="opencv-matrix">
  <rows>25</rows>
  <cols>1</cols>
  <dt>f</dt>
  <data>
    2.65823722e-01 2.97130495e-01 3.23459983e-01 2.69874483e-01
    2.79963464e-01 2.85872996e-01 2.88570553e-01 3.76765698e-01
    3.88653815e-01 3.35515797e-01 2.50502557e-01 2.68185258e-01
    2.59825945e-01 2.57410944e-01 2.67621756e-01 2.40062252e-01
    2.68895477e-01 3.39868039e-01 3.31964791e-01 3.30445349e-01
    2.85066217e-01 2.71766603e-01 2.96410233e-01 2.96375602e-01
    2.99051523e-01</data></per_view_reprojection_errors>
<!-- a set of 6-tuples (rotation vector + translation vector) for each view -->
<extrinsic_parameters type_id="opencv-matrix">
  <rows>25</rows>
  <cols>6</cols>
  <dt>d</dt>
  <data>
    -1.1025906170630854e-01 5.1636288515580338e-02
    3.8064881751370516e-02 -1.0114252988190400e+02
    -4.7166411014601593e+01 8.1774047145469740e+02
    -1.0598048455163174e-01 5.2700150077660143e-02
    3.8105215974417912e-02 -1.0272046209284429e+02
    -4.6815946653977768e+01 8.1784621078990619e+02
    -1.0530121071928376e-01 5.1620168659929778e-02
    3.4490247382727691e-02 -1.0652266637545701e+02
    -4.9122941112415532e+01 8.1558469001306730e+02
    -1.1682833353754560e-01 4.8455052941251117e-02
    3.8588292880398917e-02 -1.1253008595149034e+02
    -5.3059664209596733e+01 8.1030387224582114e+02
    -1.0680597301196282e-01 5.2852488969240247e-02
    4.1842276436590893e-02 -1.1831128131552040e+02
    -5.4827332216368205e+01 8.0810930994129467e+02
    -9.1042722376804441e-02 4.1765031171461721e-02
    5.0148514505422161e-02 -1.2278133129474192e+02
    -5.8897531676648150e+01 7.9990947108804551e+02
    -1.2682394047425530e-01 3.6730120982706525e-02
    4.9695060639877275e-02 -1.2746966257103470e+02
    -6.1980405602863513e+01 7.9359270257065668e+02
    -1.3101104328834190e-01 3.7001649667071847e-02
    5.1877593174433370e-02 -1.2935237914237453e+02
    -6.1204078813847907e+01 7.8971433358137881e+02
    -1.1151767289323997e-01 3.2659119762130137e-02
    4.5299540270155016e-02 -1.2897249066601347e+02
    -5.6918927122772793e+01 7.8896028825222959e+02
    -8.9993338842437473e-02 3.9456170075604528e-02
    4.0128770705281633e-02 -1.2827903732219445e+02
    -5.2950588559471768e+01 7.9072974580604625e+02
    -9.5403744787832825e-02 4.0520026502404459e-02
    3.8452601482807401e-02 -1.2969607534609165e+02
    -5.1866175604936650e+01 7.9004900979179979e+02
    -1.0589670024429110e-01 5.2527364519060968e-02
    3.7354311680790911e-02 -1.3678218643088141e+02
    -5.0890130122639292e+01 7.9187509998235953e+02
    -9.4651481412071345e-02 6.1480289078220923e-02
    4.5324541715405467e-02 -1.4228349656960464e+02
    -5.2877756513515308e+01 7.9141269232993216e+02
    -1.0081895969808902e-01 5.9189239220231678e-02
    4.3805126687889807e-02 -1.4896386400982109e+02
    -5.4334668758694001e+01 7.8892327581293785e+02
    -9.8982219663910298e-02 6.3949924359415641e-02
    5.1133216083184149e-02 -1.5541415354656883e+02
    -5.6221003318173892e+01 7.8729928290033433e+02
    -9.0254026999375819e-02 6.1146335431443231e-02
    5.0878003183955585e-02 -1.6026577486209590e+02
    -5.5610626500202521e+01 7.8447031284079435e+02
    -9.1536119438532654e-02 5.6847369308111982e-02
    4.6764223257039182e-02 -1.6757901121726479e+02
    -5.3312239631008161e+01 7.8235839975898205e+02
    -8.9354470276746562e-02 6.1709858142207724e-02
    5.1588105775550855e-02 -1.7600891841493251e+02
    -5.7559709368522462e+01 7.8291038571112574e+02
    -8.9163965933725844e-02 6.4855529760204367e-02
    5.6382812205368976e-02 -1.8554801760312338e+02
    -6.3127661433014133e+01 7.8312193088426932e+02
    -8.8064408451827531e-02 6.6094753868605916e-02
    6.2194563393070328e-02 -1.9174216600248221e+02
    -6.7375328111304185e+01 7.8244776106147424e+02
    -9.2991304303380207e-02 6.7854275838220054e-02
    6.5582925542795462e-02 -1.9797646712128187e+02
    -7.0275782827533220e+01 7.8170711543998368e+02
    -9.7813441463790798e-02 6.9695496263348949e-02
    6.4481705915122492e-02 -2.0615693896795793e+02
    -7.0336778510629827e+01 7.8503558418913417e+02
    -9.0472072119672342e-02 7.4794940590196257e-02
    6.9296479277796294e-02 -2.1029609948991904e+02
    -7.1340921829248359e+01 7.8809759218093131e+02
    -8.6324250335784530e-02 7.7399371591418548e-02
    7.1459764870676915e-02 -2.1233132718562337e+02
    -7.1807050693688311e+01 7.8985251776094765e+02
    -8.1776731610045880e-02 7.9313763961754560e-02
    7.1488205514049982e-02 -2.1682721199958888e+02
    -7.1868573904641963e+01 7.9368851710561535e+02</data></extrinsic_parameters>
